7143
29780
7315
64890
20805
63757
55912
65494
3269
8116
42495
54870
44507
56369
43783
50853
3251
37383
41230
1646
48323
22554
3587
63377
60621
4628
28996
45732
57271
9123
8524
37317
18353
28557
1196
56787
34489
7322
56386
65435
37983
25987
55185
45154
33281
56129
2942
7857
43481
65052
19661
2122
19612
55688
58040
42132
50930
29565
4761
12385
55594
23493
42733
10741
10569
40296
4851
48857
1461
55872
38971
8479
47230
42628
43248
10313
8291
13520
35984
34606
34937
64800
42319
22623
61247
21670
15526
43254
20873
5741
18210
3801
20070
54623
31424
64923
50860
42790
900
34948
12820
10856
35405
50463
51622
62678
43708
26822
24195
25653
59098
17481
38373
1084
41931
34307
38229
20109
606
40319
60655
55127
39398
52984
33005
12678
15843
937
47794
4078
28271
57133
58517
45522
43177
9459
64564
371
4049
56182
4055
11802
58666
27036
57431
31265
63622
45825
47250
36996
